253 231 231 231 251 232 255 255 255 236 231 251 231 231 231 253
231   0   0  47 226  78 255 255 255  56   0 226  47   0   0 231
231   0   0 167 255 255 229 135 135  30 116 255 167   0   0 231
231  47 167 225 255 250  69   0   0 130  90 255 225 167  47 231
251 226 255 255 255 254 215 215 215  78   1 255 255 255 226 251
232   6   4   8 216   8  60 250 250  60 247 247 250 251  76 232
255 183  94 199 199 199 167 136 104 199 255   9 125 149 159 250
255 183  49  36   0   0  56 255 165 222 255  24 151 151  43 231
255 183 120 187  24 151 174 255 255 136 250  24 151 151 151 245
255 239 225 255  40 255 255 174  56 167 253   9 125 255 112 236
255 255 255 255 248  16 255 252 101   6   8  39 165 139  72 231
251 226 255 255 255   0  47 143  16  31  40 255 167   0   0 231
231  47 167 225 255  88  69  68  68 130 252 167 110  47  88 239
231   0   0 167 255 251 124  81  81  30 247 135  89  64 120 242
231   0   0  47 226 247  16  43 151  56 247 255 167  98 183 248
253 231 231 231 251 254 231 231 245 236 254 255 247 244 255 255
253 231 231 231 251 232 255 255 255 236 231 251 231 231 231 253
231   0   0  47 226  78 255 255 255  56   0 226  47   0   0 231
231   0   0 167 255 255 229 135 135  30 116 255 167   0   0 231
231  47 167 225 255 250  69   0   0 130  90 255 225 167  47 231
251 226 255 255 255 254 215 215 215  78   1 255 255 255 226 251
232   6   4   8 216   8  60 250 250  60 247 247 250 251  76 232
255 183  94 199 199 199 167 136 104 199 255   9 125 149 159 250
255 183  49  36   0   0  56 255 165 222 255  24 151 151  43 231
255 183 120 187  24 151 174 255 255 136 250  24 151 151 151 245
255 239 225 255  40 255 255 174  56 167 253   9 125 255 112 236
255 255 255 255 248  16 255 252 101   6   8  39 165 139  72 231
251 226 255 255 255   0  47 143  16  31  40 255 167   0   0 231
231  47 167 225 255  88  69  68  68 130 252 167 110  47  88 239
231   0   0 167 255 251 124  81  81  30 247 135  89  64 120 242
231   0   0  47 226 247  16  43 151  56 247 255 167  98 183 248
253 231 231 231 251 254 231 231 245 236 254 255 247 244 255 255
253 231 231 231 251 232 255 255 255 236 231 251 231 231 231 253
231   0   0  47 226  78 255 255 255  56   0 226  47   0   0 231
231   0   0 167 255 255 229 135 135  30 116 255 167   0   0 231
231  47 167 225 255 250  69   0   0 130  90 255 225 167  47 231
251 226 255 255 255 254 215 215 215  78   1 255 255 255 226 251
232   6   4   8 216   8  60 250 250  60 247 247 250 251  76 232
255 183  94 199 199 199 167 136 104 199 255   9 125 149 159 250
255 183  49  36   0   0  56 255 165 222 255  24 151 151  43 231
255 183 120 187  24 151 174 255 255 136 250  24 151 151 151 245
255 239 225 255  40 255 255 174  56 167 253   9 125 255 112 236
255 255 255 255 248  16 255 252 101   6   8  39 165 139  72 231
251 226 255 255 255   0  47 143  16  31  40 255 167   0   0 231
231  47 167 225 255  88  69  68  68 130 252 167 110  47  88 239
231   0   0 167 255 251 124  81  81  30 247 135  89  64 120 242
231   0   0  47 226 247  16  43 151  56 247 255 167  98 183 248
253 231 231 231 251 254 231 231 245 236 254 255 247 244 255 255

253 231 231 231 251 232 250 231 245 236 231 231 239 242 248 255
231   0   0  47 226  76 159  43 151 112  72   0  88 120 183 255
231   0   0 167 255 251 149 151 151 255 139   0  47  64  98 244
231  47 167 225 255 250 125 151 151 125 165 167 110  89 167 247
251 226 255 255 255 247   9  24  24   9  39 255 167 135 255 255
231   0 116  90   1 247 255 255 250 253   8  40 252 247 247 254
236  56  30 130  78  60 199 222 136 167   6  31 130  30  56 236
255 255 135   0 215 250 104 165 255  56 101  16  68  81 151 245
255 255 135   0 215 250 136 255 255 174 252 143  68  81  43 231
255 255 229  69 215  60 167  56 174 255 255  47  69 124  16 231
232  78 255 250 254   8 199   0 151 255  16   0  88 251 247 254
251 226 255 255 255 216 199   0  24  40 248 255 255 255 226 251
231  47 167 225 255   8 199  36 187 255 255 255 225 167  47 231
231   0   0 167 255   4  94  49 120 225 255 255 167   0   0 231
231   0   0  47 226   6 183 183 183 239 255 226  47   0   0 231
253 231 231 231 251 232 255 255 255 255 255 251 231 231 231 253
253 231 231 231 251 232 250 231 245 236 231 231 239 242 248 255
231   0   0  47 226  76 159  43 151 112  72   0  88 120 183 255
231   0   0 167 255 251 149 151 151 255 139   0  47  64  98 244
231  47 167 225 255 250 125 151 151 125 165 167 110  89 167 247
251 226 255 255 255 247   9  24  24   9  39 255 167 135 255 255
231   0 116  90   1 247 255 255 250 253   8  40 252 247 247 254
236  56  30 130  78  60 199 222 136 167   6  31 130  30  56 236
255 255 135   0 215 250 104 165 255  56 101  16  68  81 151 245
255 255 135   0 215 250 136 255 255 174 252 143  68  81  43 231
255 255 229  69 215  60 167  56 174 255 255  47  69 124  16 231
232  78 255 250 254   8 199   0 151 255  16   0  88 251 247 254
251 226 255 255 255 216 199   0  24  40 248 255 255 255 226 251
231  47 167 225 255   8 199  36 187 255 255 255 225 167  47 231
231   0   0 167 255   4  94  49 120 225 255 255 167   0   0 231
231   0   0  47 226   6 183 183 183 239 255 226  47   0   0 231
253 231 231 231 251 232 255 255 255 255 255 251 231 231 231 253
253 231 231 231 251 232 250 231 245 236 231 231 239 242 248 255
231   0   0  47 226  76 159  43 151 112  72   0  88 120 183 255
231   0   0 167 255 251 149 151 151 255 139   0  47  64  98 244
231  47 167 225 255 250 125 151 151 125 165 167 110  89 167 247
251 226 255 255 255 247   9  24  24   9  39 255 167 135 255 255
231   0 116  90   1 247 255 255 250 253   8  40 252 247 247 254
236  56  30 130  78  60 199 222 136 167   6  31 130  30  56 236
255 255 135   0 215 250 104 165 255  56 101  16  68  81 151 245
255 255 135   0 215 250 136 255 255 174 252 143  68  81  43 231
255 255 229  69 215  60 167  56 174 255 255  47  69 124  16 231
232  78 255 250 254   8 199   0 151 255  16   0  88 251 247 254
251 226 255 255 255 216 199   0  24  40 248 255 255 255 226 251
231  47 167 225 255   8 199  36 187 255 255 255 225 167  47 231
231   0   0 167 255   4  94  49 120 225 255 255 167   0   0 231
231   0   0  47 226   6 183 183 183 239 255 226  47   0   0 231
253 231 231 231 251 232 255 255 255 255 255 251 231 231 231 253

254 246 238 241 249 242 236 242 236 241 244 247 232 233 231 253
244 165 101 147 207 145 103 146 107 142 177 201  89  87  73 243
244 150  77  88 109 129  71 106 116 141 208 217 119  73  86 244
237 105  65 127 161 179 109 117  80  63 122 203 120 127  85 243
230  56  83 190 209  42 116 112 147  56  41 224 215 222 208 251
231  99 151 173  35  16  55 103 195 173  86 237 203 187 221 252
234 125 189 113  42 215 164 130 165 120 202 110 209 210 205 251
241 146 145 169  91 181 120 147 129 132 111  60 145 122 191 252
238 130 151 161  42 142 191 157 162 134 100  94  85 110 186 252
245 137 104 118  94 139 130 181 158 180 121 135 167 170 161 249
238 153 192 157 178 174 145 202 227  81  38 195  49  61  90 244
248 212 224 206 211  33  85 184 212 224 238 231 200 218 200 251
232  89 119 120 215 108  92  73  96 121 189 204 119 120  85 243
233  87  73 127 222 105  69 118 144 181 196 224 120  75  87 244
231  73  86  85 219 112 126 195 200 236 146 211  85  87  72 243
253 243 244 243 252 246 247 252 251 254 246 251 243 244 243 254
254 246 238 241 249 242 236 242 236 241 244 247 232 233 231 253
244 165 101 147 207 145 103 146 107 142 177 201  89  87  73 243
244 150  77  88 109 129  71 106 116 141 208 217 119  73  86 244
237 105  65 127 161 179 109 117  80  63 122 203 120 127  85 243
230  56  83 190 209  42 116 112 147  56  41 224 215 222 208 251
231  99 151 173  35  16  55 103 195 173  86 237 203 187 221 252
234 125 189 113  42 215 164 130 165 120 202 110 209 210 205 251
241 146 145 169  91 181 120 147 129 132 111  60 145 122 191 252
238 130 151 161  42 142 191 157 162 134 100  94  85 110 186 252
245 137 104 118  94 139 130 181 158 180 121 135 167 170 161 249
238 153 192 157 178 174 145 202 227  81  38 195  49  61  90 244
248 212 224 206 211  33  85 184 212 224 238 231 200 218 200 251
232  89 119 120 215 108  92  73  96 121 189 204 119 120  85 243
233  87  73 127 222 105  69 118 144 181 196 224 120  75  87 244
231  73  86  85 219 112 126 195 200 236 146 211  85  87  72 243
253 243 244 243 252 246 247 252 251 254 246 251 243 244 243 254
254 246 238 241 249 242 236 242 236 241 244 247 232 233 231 253
244 165 101 147 207 145 103 146 107 142 177 201  89  87  73 243
244 150  77  88 109 129  71 106 116 141 208 217 119  73  86 244
237 105  65 127 161 179 109 117  80  63 122 203 120 127  85 243
230  56  83 190 209  42 116 112 147  56  41 224 215 222 208 251
231  99 151 173  35  16  55 103 195 173  86 237 203 187 221 252
234 125 189 113  42 215 164 130 165 120 202 110 209 210 205 251
241 146 145 169  91 181 120 147 129 132 111  60 145 122 191 252
238 130 151 161  42 142 191 157 162 134 100  94  85 110 186 252
245 137 104 118  94 139 130 181 158 180 121 135 167 170 161 249
238 153 192 157 178 174 145 202 227  81  38 195  49  61  90 244
248 212 224 206 211  33  85 184 212 224 238 231 200 218 200 251
232  89 119 120 215 108  92  73  96 121 189 204 119 120  85 243
233  87  73 127 222 105  69 118 144 181 196 224 120  75  87 244
231  73  86  85 219 112 126 195 200 236 146 211  85  87  72 243
253 243 244 243 252 246 247 252 251 254 246 251 243 244 243 254

253 237 239 238 250 252 250 252 251 247 240 250 238 239 237 253
237  74  87  88 205 222 207 189 182 161  93 205  88  87  74 237
239  87  73 124 220 184 212 125 110 171  64 220 124  73  87 239
238  88 124 120 212 206 211 150  83 161  55 203 120 124  88 238
250 205 220 207 224 241 109  56  95 135 199 235 206 227 216 251
247 176 205 125  42  84 202 114 100 124  41 240 189 194 153 243
244 141 141  66  60 177 122 131 136 177  91 228 121 178 235 253
241 108 116  86 142 195 166 128 163 162 225 216  95 141 200 251
246 148 107 114 114  98 130 147 159 179 201 188  73 117 193 251
241 101  71 108 117  51 169 117 191 133 143  80  97  65 123 244
246 148 132 179  45   8 217 185 142 140 175  30 108 108 112 242
251 207 115 155 211  42  41  96  48  92 175 211 212 220 216 251
244 143  90 120 186 175 112 172 158 123 156 211 120 124  88 238
243 106  78  68  81 151 190 149 148 105 191 227 124  73  87 239
249 168 150 111  57  96 119 149 129 142 150 216  88  87  74 237
254 248 247 243 237 237 239 245 243 247 243 251 238 239 237 253
253 237 239 238 250 252 250 252 251 247 240 250 238 239 237 253
237  74  87  88 205 222 207 189 182 161  93 205  88  87  74 237
239  87  73 124 220 184 212 125 110 171  64 220 124  73  87 239
238  88 124 120 212 206 211 150  83 161  55 203 120 124  88 238
250 205 220 207 224 241 109  56  95 135 199 235 206 227 216 251
247 176 205 125  42  84 202 114 100 124  41 240 189 194 153 243
244 141 141  66  60 177 122 131 136 177  91 228 121 178 235 253
241 108 116  86 142 195 166 128 163 162 225 216  95 141 200 251
246 148 107 114 114  98 130 147 159 179 201 188  73 117 193 251
241 101  71 108 117  51 169 117 191 133 143  80  97  65 123 244
246 148 132 179  45   8 217 185 142 140 175  30 108 108 112 242
251 207 115 155 211  42  41  96  48  92 175 211 212 220 216 251
244 143  90 120 186 175 112 172 158 123 156 211 120 124  88 238
243 106  78  68  81 151 190 149 148 105 191 227 124  73  87 239
249 168 150 111  57  96 119 149 129 142 150 216  88  87  74 237
254 248 247 243 237 237 239 245 243 247 243 251 238 239 237 253
253 237 239 238 250 252 250 252 251 247 240 250 238 239 237 253
237  74  87  88 205 222 207 189 182 161  93 205  88  87  74 237
239  87  73 124 220 184 212 125 110 171  64 220 124  73  87 239
238  88 124 120 212 206 211 150  83 161  55 203 120 124  88 238
250 205 220 207 224 241 109  56  95 135 199 235 206 227 216 251
247 176 205 125  42  84 202 114 100 124  41 240 189 194 153 243
244 141 141  66  60 177 122 131 136 177  91 228 121 178 235 253
241 108 116  86 142 195 166 128 163 162 225 216  95 141 200 251
246 148 107 114 114  98 130 147 159 179 201 188  73 117 193 251
241 101  71 108 117  51 169 117 191 133 143  80  97  65 123 244
246 148 132 179  45   8 217 185 142 140 175  30 108 108 112 242
251 207 115 155 211  42  41  96  48  92 175 211 212 220 216 251
244 143  90 120 186 175 112 172 158 123 156 211 120 124  88 238
243 106  78  68  81 151 190 149 148 105 191 227 124  73  87 239
249 168 150 111  57  96 119 149 129 142 150 216  88  87  74 237
254 248 247 243 237 237 239 245 243 247 243 251 238 239 237 253
